personId
4021990232978350
4006597070068509
4015393162852157
4002199023447809
4000000000367451
4004398046595696
4000000000272334
4004398046581025
4006597070238554
4015393163115267
4035184372134731
4017592186418969
4010995116726157
4008796093103856
4028587302739271
4010995116332049
4017592186319331
4026388279093647
4008796093311822
4006597070246211
4026388279430587
4013194139716061
4002199023402279
4002199023488333
4010995116746062
4024189256131614
4028587302628927
4013194139589605
4002199023368128
4006597070196905
4019791209416779
4015393162866836
4013194139642460
4004398046755691
4030786325658311
4030786325733666
4026388279240195
4002199023527579
4000000000184296
4026388279453538
4026388279315411
4032985349181764
4000000000065504
4010995116542546
4002199023569276
4017592186292997
4013194139782470
4017592186441277
4015393163021441
4000000000434784