personId
4013194139542834
4008796093026933
4017592186051169
4004398046513464
4013194139542764
4006597069770264
4000000000009782
4019791209300882
4035184372095658
4008796093032135
4013194139538142
4002199023260581
4019791209300404
4013194139539724
4026388279074461
4021990232562091
4017592186054325
4032985348835137
4013194139542130
4017592186051933
4015393162789349
4026388279068701
4000000000000768
4026388279074072
4021990232565814
4015393162791567
4024189255811315
4013194139541713
4030786325585356
4030786325581911
4019791209300153
4013194139536557
4032985348844096
4002199023255940
4013194139542945
4028587302327943
4004398046518845
4032985348836952
4017592186053645
4004398046512818
4030786325578911
4006597069766659
4026388279075172
4019791209309138
4010995116287298
4021990232557314
4030786325587888
4017592186045360
4010995116280597
4002199023264241